716 ; end line +2
441 313 ; icon desc
2265 499
2261 500
2263 503
512 1190
861 1890
919 1905
914 1908
927 1911
923 1912
925 1913
924 1914
922 1915
909 1916
921 1919
918 1920
926 1921
920 1922
915 1923
912 1961
59 2022
139 2023
953 2024
947 2025
917 2026
952 2027
940 2029
59 2030
945 2031
944 2032
934 2033
935 2034
938 2078
946 2079
59 2088
958 2090
957 2091
985 2221
990 2221
991 2221
987 2222
988 2222
989 2222
992 2223
993 2223
957 2224
1006 2239
1005 2240
1003 2241
1002 2242
1000 2243
999 2244
1001 2245
998 2246
997 2247
996 2248
1008 2252
1010 2253
957 2264
957 2265
1008 2266
957 2270
957 2292
1012 2346
1013 2347
1014 2348
1015 2349
1021 2363
1022 2364
1023 2365
1024 2366
1025 2367
1004 2378
1039 2411
1041 2413
1042 2414
1042 2415
1042 2416
1042 2417
1042 2418
1042 2419
1042 2420
958 2421
1043 2422
1045 2424
1047 2426
1048 2427
1049 2428
998 2429
958 2540
958 2541
958 2542
1318 2649
1046 2650
1319 2651
1320 2652
1321 2653
1322 2654
1284 2778
1264 2779
1276 2780
1268 2781
1280 2782
1292 2783
1272 2784
1288 2785
1283 2786
1263 2787
1275 2788
1267 2789
1279 2790
1291 2791
1271 2792
1287 2793
1282 2794
1262 2795
1274 2796
1266 2797
1278 2798
1290 2799
1270 2800
1286 2801
1281 2802
1261 2803
1273 2804
1265 2805
1277 2806
1289 2807
1269 2808
1285 2809
1320 2884
1761 3372
1792 3447
1780 3484
917 3485
958 3486
479 3487
59 3488
1781 3490
1780 3491
304 3492
242 3522
958 3568
238 3569
43 3588
958 3589
1028 3598
1938 3880
1940 3882
1942 3884
1944 3886
2063 3986
2049 3987
2050 3985
1465 3969
1463 3970
2065 3971
1464 3972
2064 3973
2047 3974
2048 3975
2508 3976
865 3977
957 3978
2051 3979
2053 3981
2057 3982
2059 3983
2061 3980
2055 3984
2052 3991
2054 3992
2058 3994
2060 3995
2062 3993
2056 3996
917 3988
917 4003
604 4004
2015 4009
2067 4058
2068 4059
2069 4060
2070 4061
2077 4158
2087 4167
2085 4168
2090 4169
2083 4170
2093 4174
2089 4175
2078 4176
2079 4177
2126 4178
2113 4179
2114 4180
2105 4181
2092 4182
2104 4185
2123 4187
2124 4188
2125 4189
2116 4190
2117 4198
1156 4339
2183 4344
2178 4345
2179 4348
2181 4349
2169 4351
1760 4353
2319 4354
2177 4357
2170 4358
2598 4358
2246 4393
2247 4394
2248 4395
2249 4396
2250 4397
2251 4398
2252 4399
2253 4400
2254 4401
2255 4402
2256 4403
2257 4404
2258 4405
2246 4406
2372 4406
2247 4407
2373 4407
2248 4408
2374 4408
2249 4409
2375 4409
2250 4410
2376 4410
2251 4411
2377 4411
2252 4412
2378 4412
2253 4413
2379 4413
2254 4414
2380 4414
2255 4415
2381 4415
2185 4416
2186 4417
2187 4418
2188 4419
2189 4420
2190 4421
2192 4422
2193 4423
2195 4424
2196 4425
2197 4426
2198 4427
2199 4428
2202 4431
2203 4432
2204 4433
2205 4434
2206 4435
2207 4436
2208 4437
2209 4438
2210 4439
2211 4440
2212 4441
2215 4443
2216 4444
957 4455
2018 4469
1760 4470
2321 4478
2297 4479
2310 4482
2311 4483
2312 4484
2313 4484
2313 4485
2315 4485
2308 4502
2308 4503
2308 4504
2308 4505
2308 4507
2308 4508
2308 4509
2308 4511
2308 4512
2308 4513
2306 4514
2306 4517
2306 4518
2306 4519
2306 4520
2306 4521
2306 4522
2291 4523
2291 4524
2291 4525
2291 4526
2293 4527
2293 4528
2293 4529
2293 4530
2295 4531
2295 4532
2295 4533
2295 4534
2289 4535
2289 4536
2289 4537
2289 4538
2307 4543
2307 4544
2307 4545
2307 4546
2307 4551
2307 4552
2307 4553
2307 4554
2307 4559
2307 4560
2307 4561
2307 4562
2018 4567
2307 4567
2307 4568
2307 4569
2307 4570
1804 4572
1716 4573
912 4575
2018 4575
2419 4576
2285 4579
2285 4580
2285 4581
2286 4581
2285 4582
2287 4582
2283 4583
2283 4584
2283 4585
2283 4586
2287 4587
2287 4588
2287 4589
2287 4590
957 4592
2420 4600
2421 4601
2422 4602
2423 4603
2424 4604
2425 4605
2426 4606
2427 4607
2411 4611
2412 4612
1347 4613
2326 4616
2327 4617
2329 4618
2324 4619
2325 4620
2323 4621
2328 4622
1161 4624
2429 4627
678 4628
675 4629
677 4630
676 4631
683 4632
680 4633
682 4634
681 4635
688 4636
685 4637
687 4638
686 4639
1464 4640
2167 4643
2428 4644
2278 4648
2279 4649
2280 4650
2281 4651
2018 4657
1760 4658
1760 4659
1760 4660
1760 4661
1760 4662
2108 4665
2106 4666
2122 4667
2121 4668
2119 4669
2120 4670
2418 4670
2099 4671
2088 4672
2098 4673
2086 4674
2100 4675
2091 4676
2097 4677
2084 4678
2101 4679
2102 4680
2095 4681
2096 4682
2094 4683
2107 4684
2112 4685
2115 4686
2118 4687
2109 4688
2111 4689
2110 4690
2413 4695
2414 4696
2415 4697
2416 4698
2417 4699
2418 4700
2321 4778
2435 4826
2436 4827
2437 4828
2438 4829
2448 4832
2450 4833
2452 4834
2454 4835
2444 4836
2445 4837
2456 4839
943 4840
2419 4842
2441 4843
1646 4844
2442 4845
1760 5017
1760 5018
2551 5021
2552 5021
2560 5023
2553 5024
2554 5025
2556 5026
324 5027
2557 5028
2471 5097
2472 5098
2480 5099
2481 5100
2482 5101
2483 5102
2474 5103
2476 5104
2478 5105
990 5145
990 5146
990 5147
985 5148
985 5149
985 5150
985 5151
985 5152
985 5153
990 5154
990 5155
990 5156
938 5157
938 5158
1760 5159
863 5160
863 5161
1164 5188
1164 5189
917 5192
1138 5193
1138 5194
1138 5195
1138 5196
1138 5197
1138 5198
2592 5204
2594 5205
2596 5206
1760 5211
1760 5212
1760 5215
2599 5235
2614 5248
2618 5296
2478 5304
2641 5305
2642 5306
2659 5348
2658 5349
2656 5350
2698 5413
1615 5424
668 5425
999 5469
2867 5448
2873 5480
2876 5481
2883 5482
2878 5483
2888 5484
2478 5523
2141 5546
2132 5545
2133 5545
2134 5545
2136 5545
2137 5545
2138 5545
2139 5545
2140 5545
1218 5567
2018 5579
2018 5580
2994 5581
940 5582
912 5583
1322 5584
59 5585
59 5586
2992 5587
2996 5588
515 5615
2101 5616
2096 5617
2018 5618
2018 5619
2018 5620
2018 5621
2018 5622
1645 5623
474 5624
474 5625
474 5626
474 5627
43 5628
2478 5629
2476 5630
1020 5631
1396 5633
2557 5634
2295 5635
2293 5636
2094 5637
2095 5638
865 5639
938 5640
1206 5641
3034 5642
2556 5643
2215 5644
1036 5645
3002 5646
2101 5646
2018 5647
3276 5648
3039 5649
2998 5670
3000 5671
2018 5672
2018 5673
2018 5674
2018 5675
43 5676
917 5677
2093 5678
2018 5679
2018 5680
917 5730
1531 5731
472 5732
3039 5733
1036 5734
990 5735
2018 5736
2018 5737
3031 5738
2018 5739
2018 5740
2094 5771
2094 5772
2095 5773
2095 5774
2018 5775
917 5779
917 5780
2456 5781
474 5782
2977 5786
1997 5799
2018 5887
2557 5893
991 5894
2018 5895
919 5900
665 5959
1424 5964
991 6074
2257 6075
958 6076
59 6093
591 6348
3642 7758
3641 7759
3643 7760
3644 7761
2932 7779
2833 7780
515 7881
525 7882
1185 7883
1174 7884
544 7949
545 7950
543 7951
546 7952
3642 8509
3641 8510
3643 8511
3663 8513
3644 8512
3666 8514
1055 2476
2434 4824
1535 3150
1342 3006
1343 3007
59 4021
1791 3339
1868 3786
1506 3107
1809 3540
1501 3102
1500 3101
1803 3534
958 3186
958 3199
958 3158
262 502
1869 3788
1870 3789
1138 4020
1801 3532
2306 4516
998 3018
471 3185
672 1755
1462 3535
444 4941
59 4022
2456 5115
1057 2478
1992 3770
1998 3771
1999 3773
2001 3774
1996 3772
1978 3775
4198 8841
1643 5143
1997 3776
1539 3155
1541 3157
958 3151
1540 3156
1537 3153
1538 3154
1536 3152
1467 3541
2696 5214
1782 3489
1504 3105
1502 3103
1503 3104
1760 7928
1760 7925
1760 7932
1760 7929
1760 7930
1760 7931
1760 7926
1760 7933
1760 7934
1760 7927
1867 3787
1056 2477
2071 3956
2306 4515
1932 3874
1054 2475
4779 9279
2499 9293
2498 9294
4779 9295
