200
5919
5933
6096
6100
6443
6449
6452
6457
6459
6461
6463
6465
6467
6469
6471
6473
6475
6477
6480
6483
7047
7050
7257
7516
7659
7660
7053
7661
7662
8741
8751
8539
8542
8543
8544
8545
8546
8549
8600
8601
8602
8603
8650
8653
8656
8694
8695
8696
8697
8719
8743
8744
8748
8749
8750
9377
9381
9385
9388
9391
9395
9398
9401
9404
9407
9411
9414
9635
9638
10256
9705
9706
9707
9708
9709
9710
9699
9700
9701
9702
9703
9704
9693
9694
9695
9696
9697
9698
10266
9684
9685
9690
9691
9692
9683
9682
9681
9680
9679
10729
10743
10744
10732
10735
10738
10717
10741
10742
10720
10723
10726
11111
11227
11225
11229
11316
11608
11611
11965
9679
9680
9681
9682
9683
10532
11487
12574
12641
13344
13343
12991
13345
13520
13420
13464
13516
13577
13524
13573
12539
14536
14527
14534
14521
12991
13183
13187
13191
13342
13344
12991
13250
13254
13258
13345
13343
13600
10477
14527
14534
14521
14848
14809
14829
14805
14812
24502
24500
8745
